9,9,9,9,9,23,9,9,9,9,9,9,9,9,9,9,9,9,9,9,9,9,9,9,9,9,9,9,9,9,9,9,9,9,9,9,9,9,9,9,9,9
9,0,0,0,9,0,9,0,0,0,0,0,0,0,9,9,9,0,0,0,0,0,0,0,0,0,0,0,0,9,9,9,0,0,0,0,0,0,0,0,0,9		9,0,0,0,0,0,0,0,0,0,9,0,0,0,9,9,9,0,0,0,9,0,0,0,9,0,0,0,0,9,9,9,0,0,0,0,9,0,0,0,0,9
9,0,0,9,9,0,0,0,0,9,9,9,0,0,9,9,9,0,0,9,9,9,0,9,9,9,0,0,0,9,9,9,0,0,0,9,9,9,0,0,0,9
9,0,0,9,9,0,0,0,0,9,9,9,0,0,9,8,9,0,0,9,9,9,9,9,9,9,0,0,0,9,7,9,0,0,0,9,9,9,0,0,0,9
9,0,0,9,9,0,0,0,0,0,9,0,0,0,9,0,9,0,0,0,9,0,9,0,9,0,0,0,0,9,0,9,0,0,0,0,9,0,0,0,0,9
9,0,0,9,9,0,0,0,0,0,0,0,0,0,9,0,9,0,0,0,0,0,0,0,0,0,0,0,0,9,0,9,0,0,0,0,0,0,0,0,9,9
9,0,0,0,0,0,0,0,0,0,0,0,0,0,0,0,0,0,0,0,0,0,0,0,0,0,0,0,0,0,0,0,0,0,0,0,0,0,0,0,0,9
9,0,0,0,0,0,0,0,0,0,0,0,0,0,0,0,0,0,0,0,0,0,0,0,0,0,0,0,0,0,0,0,0,0,0,0,0,0,0,0,0,21
9,0,0,0,0,0,0,0,0,0,0,0,0,0,0,0,0,0,0,0,0,0,0,0,0,0,0,0,0,0,0,0,0,0,0,0,0,0,0,0,0,9
9,0,0,0,0,0,0,0,9,0,9,0,0,0,0,0,0,0,0,0,0,0,0,0,0,0,0,0,0,0,0,9,0,9,0,0,0,0,0,0,0,9
9,9,0,0,0,0,0,0,9,29,9,0,0,0,9,9,9,9,9,9,9,9,9,0,0,0,0,0,9,0,0,9,28,9,0,0,0,0,0,0,0,9
9,9,9,9,0,0,0,0,9,9,9,0,0,0,9,9,9,9,9,9,9,9,9,0,0,0,0,9,9,9,0,9,9,9,0,0,0,0,9,9,9,9
9,9,9,9,0,0,0,0,9,9,9,0,0,0,9,9,9,9,9,9,9,9,9,0,0,0,0,9,9,9,0,9,9,9,0,0,0,0,9,9,9,9
9,9,9,9,0,0,0,0,9,9,9,0,0,0,9,9,9,9,9,9,9,9,9,0,0,0,0,0,9,0,0,9,9,9,0,0,0,0,9,9,9,9
9,9,9,0,0,0,0,0,0,0,0,0,0,0,0,0,0,0,0,0,0,0,0,0,0,0,0,0,0,0,0,0,0,0,0,0,0,0,0,9,9,9
9,9,9,9,9,9,9,9,9,9,9,9,9,9,9,9,9,9,9,9,9,9,9,9,9,9,9,9,9,9,9,9,9,9,9,9,9,9,9,9,9,9
			